image_width: 640
image_height: 480
camera_name: head_camera
camera_matrix:
  rows: 3
  cols: 3
  data: [875.2090931806971, 0, 315.9619073858036, 0, 871.1389236262007, 219.6519481973948, 0, 0, 1]
distortion_model: plumb_bob
distortion_coefficients:
  rows: 1
  cols: 5
  data: [-0.1194965436491858, 0.09564891399961128, 0.003009145273081795, -0.00237346704888519, 0]
rectification_matrix:
  rows: 3
  cols: 3
  data: [0.9993859904091809, 0.002926958814286618, 0.03491525577681086, -0.002940730651079942, 0.9999956171871004, 0.0003430886589795596, -0.03491409854340297, -0.0004455543621056039, 0.99939021768487]
projection_matrix:
  rows: 3
  cols: 4
  data: [879.1732619345419, 0, 281.4698104858398, -221.3437306770886, 0, 879.1732619345419, 222.4423027038574, 0, 0, 0, 1, 0]