Left:
('D = ', [-0.09472335320731572, -0.01361278389455646, 0.004470447046843967, -0.0067256149589792315, 0.0])
('K = ', [880.6307943889425, 0.0, 306.0133068694442, 0.0, 875.8888139974208, 223.0193109703298, 0.0, 0.0, 1.0])
('R = ', [0.9997663925941962, -0.0005190200585669848, 0.02160765737803374, 0.000527542188218014, 0.9999997853038288, -0.0003887049472167292, -0.021607450993287963, 0.0004000130937178646, 0.9997664517531569])
('P = ', [879.1732619345419, 0.0, 281.46981048583984, 0.0, 0.0, 879.1732619345419, 222.44230270385742, 0.0, 0.0, 0.0, 1.0, 0.0])

Right:
('D = ', [-0.11949654364918577, 0.09564891399961128, 0.0030091452730817946, -0.00237346704888519, 0.0])
('K = ', [875.2090931806971, 0.0, 315.9619073858036, 0.0, 871.1389236262007, 219.65194819739477, 0.0, 0.0, 1.0])
('R = ', [0.9993859904091809, 0.002926958814286618, 0.03491525577681086, -0.0029407306510799425, 0.9999956171871004, 0.00034308865897955963, -0.03491409854340297, -0.0004455543621056039, 0.99939021768487])
('P = ', [879.1732619345419, 0.0, 281.46981048583984, -221.3437306770886, 0.0, 879.1732619345419, 222.44230270385742, 0.0, 0.0, 0.0, 1.0, 0.0])
('self.T ', [-0.251608907005244, -0.0007369013726223254, -0.008790386725569057])
('self.R ', [0.9999053797543334, -0.003473397491563761, -0.013310411271182841, 0.003463442225175969, 0.9999937051139561, -0.0007709088240427692, 0.01331300515643635, 0.0007247360400293649, 0.9999111153754502])

