# oST version 5.0 parameters


[image]

width
640

height
480

[narrow_stereo/left]

camera matrix
880.630794 0.000000 306.013307
0.000000 875.888814 223.019311
0.000000 0.000000 1.000000

distortion
-0.094723 -0.013613 0.004470 -0.006726 0.000000

rectification
0.999766 -0.000519 0.021608
0.000528 1.000000 -0.000389
-0.021607 0.000400 0.999766

projection
879.173262 0.000000 281.469810 0.000000
0.000000 879.173262 222.442303 0.000000
0.000000 0.000000 1.000000 0.000000

# oST version 5.0 parameters


[image]

width
640

height
480

[narrow_stereo/right]

camera matrix
875.209093 0.000000 315.961907
0.000000 871.138924 219.651948
0.000000 0.000000 1.000000

distortion
-0.119497 0.095649 0.003009 -0.002373 0.000000

rectification
0.999386 0.002927 0.034915
-0.002941 0.999996 0.000343
-0.034914 -0.000446 0.999390

projection
879.173262 0.000000 281.469810 -221.343731
0.000000 879.173262 222.442303 0.000000
0.000000 0.000000 1.000000 0.000000

